0 2664583 17213.580143 102
1 4531596 20417.191355 146
2 2751218 65807.641692 102
3 4787046 13545.854052 146
4 1955086 8623.969112 67
5 12566947 21492.833660 353
6 54455440 172054.491688 1460
7 52401554 3641545.327007 1460
8 53113322 17955.902912 1460
9 2211643 1526.937536 67
10 13737677 10082.362431 362
11 57870600 24873.137062 1460
12 56299209 22063.077670 1460
13 57833513 43153.920642 1460
14 57989810 34408.210437 1460
15 56203784 112244.723658 1460
16 57883740 18424.441154 1460
17 58234693 67902.712827 1460
18 43757412 23306.985960 1109
19 57744857 27815.025466 1460
20 57909165 27496.759937 1460
21 47192612 18185.364564 1208
22 25635386 19984.712531 485
23 20173842 10940.162847 378
24 28022259 36184.617998 512
25 27924536 21330.555582 513
26 3275982 3838.454049 102
27 55858126 22903.595332 1030
28 12570724 9451.507251 237
29 84587537 35625.384655 1430
30 20363094 12553.147398 326
31 83108425 29723.988080 1448
32 41574253 65643.189009 705
33 27800521 14640.818515 494
34 27331838 15810.016437 478
35 24252181 16684.642513 456
36 6190658 7813.424461 120
37 1529126 3961.825690 26
38 1480876 1287.504318 78
39 70526372 27703.040339 1460
40 75027835 33501.083018 1460
41 13534224 10041.402625 350
42 12358021 15604.231942 311
43 57794341 22758.900741 1460
44 58459757 26197.389665 1460
45 13992356 11956.101872 358
46 58705386 27812.163874 1460
47 23735649 15649.804516 597
48 57101751 23865.105022 1460
49 25802374 16214.060394 661
50 13929477 22571.179463 355
51 78260989 70749.728754 1380
52 56421537 36865.176137 1460
53 57921912 21681.866202 1460
54 59730540 24970.496873 1460
55 46388311 20316.443156 1134
56 40649558 21842.625016 768
57 57251305 31261.391027 1024
58 84746231 43572.158269 1452
59 84675318 35653.156586 1452
60 84300577 79104.985589 1362
61 12793820 10756.618308 332
62 25633519 22362.647692 481
63 55053683 27176.569185 1024
64 10451726 8571.811578 187
65 2898161 3496.279242 57
66 84013353 31897.886808 1460
67 76931596 55116.489651 1460
68 74116493 32102.348829 1460
69 23229311 15434.542170 437
70 6386684 8753.916641 191
71 4495515 2114.841190 122
72 28082686 20074.569970 531
73 43892686 26953.167335 1171
74 67768101 23339.309909 1248
75 12203467 6173.311668 310
76 53766858 67483.342956 1011
77 83397412 62669.945744 1430
78 22346166 13681.259102 383
79 2913529 1297.546390 49
80 3159534 1614.415711 55
81 35447498 22190.747235 638
82 6302530 3991.419928 191
83 2414934 1415.750899 67
84 4196487 2234.743816 122
85 22070521 15582.973818 437
86 29930326 24005.385309 543
87 42496316 22998.878685 986
88 190516 397.033955 5
89 4301940 3087.237456 91
90 67956338 25152.392636 1460
91 77637292 41859.373172 1460
92 43919277 53849.887116 825
93 69011557 31074.462819 1236
94 69024666 107854.444349 1236
95 32990291 17575.041887 607
96 562239 931.649182 12
97 18407774 13146.162391 423
98 25841077 23142.780504 481
99 29954657 31679.358622 572
100 29954920 26594.885513 572
101 8427173 8745.032036 168
102 8427177 3987.464954 168
103 14081723 9366.736748 320
104 18141741 13614.581259 405
105 12665069 8306.402238 315
106 59867052 26836.602424 1460
107 58606657 83149.653382 1460
108 59132808 32732.746885 1460
109 81677756 41012.736681 1430
110 19336731 13256.842089 295
111 57881773 29627.910839 1460
112 59272953 71144.726296 1460
113 60254100 30625.534413 1460
114 11067641 20185.361723 236
115 11067425 9195.170679 236
116 58350629 37762.603764 1460
117 59840550 109868.538578 1460
118 58145604 32540.255593 1460
119 26303142 25497.033818 483
120 14130912 26181.405989 277
121 25411642 14591.376252 483
122 59290452 111101.866039 1460
123 58229288 24768.419061 1460
124 47246080 17460.739128 1024
125 73373213 38326.865812 1460
126 69962702 67265.784481 1460
127 59283395 29612.152165 1460
128 16329494 15166.582354 354
129 2018984 4825.319339 50
130 24277274 12874.531189 460
131 3246100 1428.184714 58
132 1679445 968.621073 34
133 746281 854.278822 16
134 80136533 37269.137074 1452
135 80757965 46951.729615 1452
136 59188308 31102.262278 1443
137 59442742 33784.920256 1460
138 56364223 24038.529574 1460
139 58559203 23007.259340 1460
140 39878878 18949.643954 763
141 58183244 81413.555304 1460
142 5136434 1694.923447 135
143 40089275 20977.232743 756
144 26938630 18420.727110 482
145 14276648 11112.963599 320
146 44626432 27002.556574 827
147 25926177 17059.540381 487
148 42612323 26858.814497 819
149 42611473 20196.061440 819
150 2389181 3998.405620 44
151 60918209 33831.650799 1460
152 56635944 70822.912549 1460
153 13870845 7401.767031 293
154 2758999 3612.101750 53
155 4626396 1853.868927 80
156 51673224 19955.852585 933
157 66907950 37160.621860 1382
158 52433413 23334.393822 887
159 1467303 1172.429712 43
160 14921179 62955.545681 313
161 51389735 32595.939066 964
162 34769151 24165.031620 840
163 44738294 32632.059613 828
164 54116056 108841.612170 989
165 27107151 15073.390046 508
166 19448535 10836.988520 418
167 58154761 52482.660817 1460
168 56490366 29053.259539 1460
169 49353170 31455.252855 1237
170 25666746 25968.786027 480
171 28694100 17697.179982 811
172 12357234 7046.371499 237
173 2605215 2018.494725 49
174 3884056 7538.841434 70
175 79713575 44439.580641 1448
176 39846851 66691.648938 705
177 40660064 20757.874100 1060
178 17098792 13184.427702 403
179 10772034 4548.060238 237
180 25627810 22422.312748 477
181 34573986 21028.072418 1460
182 43766361 19256.802865 1142
183 21934178 17057.298233 418
184 2257447 1171.002056 44
185 280714 530.872873 6
186 25664436 19475.247964 480
187 47590375 34263.935120 1024
188 75763969 35788.883025 1460
189 72855603 36612.891654 1460
190 2667646 4116.453568 52
191 77666258 28750.314573 1448
192 84069721 46328.803705 1448
193 73565691 71775.272520 1236
194 73564410 28599.116922 1236
195 2016621 4218.801009 36
196 58111146 41218.673303 1448
197 56524179 24708.427131 1448
198 57288923 29227.003676 1448
199 55370783 40701.371527 1448
200 25577365 23926.726202 478
201 11254058 8988.970726 235
202 11253751 11892.134455 235
203 71070518 29378.923464 1460
204 75408559 24408.453632 1460
205 76021691 68912.859474 1460
206 72607221 37930.425949 1460
207 73208163 26416.246473 1460
208 76231315 31229.975476 1448
209 71221190 55688.776394 1460
210 76005539 28514.468072 1460
211 9098744 11049.203753 154
212 79141859 213918.189715 1448
213 87329023 34626.009007 1460
214 75749845 69936.510529 1448
215 49977941 34664.009064 823
216 38808282 20179.040187 1211
217 14348916 10862.845091 350
218 18826385 245901.460288 368
219 37620324 19147.272040 682
220 32582117 17227.081648 607
221 2388764 1156.733038 44
222 49719908 18426.077341 857
223 52924660 29140.812208 1333
224 5865350 8434.188753 186
225 15613524 8379.303807 361
226 5314536 2849.184346 169
227 1279896 1479.008608 64
228 10068724 9834.723198 269
229 2592118 916.719404 93
230 11043213 10880.804471 204
231 16187476 7316.790564 365
232 67852474 26134.011298 1460
233 68430824 27761.620427 1460
234 66571988 79676.708847 1460
235 67800332 36536.293589 1460
236 66397404 30047.071547 1460
237 69183574 28380.345304 1460
238 72435212 25674.367782 1460
239 69488726 30248.983106 1460
240 70644424 30995.814421 1460
241 66200922 26571.785122 1460
242 67668529 34806.859519 1460
243 67065963 66665.427827 1460
244 2102816 1020.953266 47
245 25811376 15031.930752 477
246 45948344 30741.713848 1261
247 54313527 28912.186458 1322
248 6507459 5059.372964 185
249 5565439 4641.058145 169
250 1332662 1279.417857 64
251 60385750 26039.080899 1460
252 62689139 46966.283318 1460
253 60818387 88730.996428 1460
254 10072130 7853.865931 257
255 57920938 35886.974127 1012
256 60438888 75313.537052 1460
257 61235092 29360.577909 1460
258 61473625 66779.569516 1460
259 61857828 27610.577148 1457
260 21719 151.953422 3
261 60614780 31850.155209 1460
262 62266619 22009.780371 1460
263 25592512 17168.641927 610
264 30940249 15129.735995 575
265 30939709 9463.963791 575
266 84911947 25752.118942 1460
267 59940369 28681.494770 1448
268 58946027 22593.762504 1448
269 59662365 25273.442340 1448
270 4099989 1287.300504 82
271 8225417 9957.286643 167
272 8225622 15783.727812 167
273 43244051 67123.302982 769
274 60164031 18553.499872 1448
275 59756637 24522.705439 1448
276 59657779 19538.956790 1448
277 9687640 11753.982201 189
278 1191337 2486.249933 25
279 4318236 10216.451406 92
280 15581224 11351.370638 350
281 13574825 7027.676826 333
282 14719749 8329.638700 352
283 14298769 12225.431422 333
284 78216313 34353.274589 1440
285 59664869 31351.599989 1090
286 2618129 2364.370354 58
287 2460788 2772.133466 44
288 325363 2363.278904 6
289 1237289 1336.517838 23
290 6634418 8610.140654 133
291 73805491 44478.417377 1235
292 73803246 20562.827900 1235
293 59378728 64658.563940 1024
294 79800193 38061.025464 1380
295 80002159 40675.270864 1380
296 21604053 16509.822995 399
297 21603524 20125.528779 399
298 15336371 7321.999780 246
299 15340558 29818.392069 246
300 32005931 16212.830555 540
301 77433938 38867.049990 1460
302 19375299 19182.336456 354
303 1281884 1187.837964 23
304 1261372 1216.847155 26
305 7245790 12471.409524 139
306 61006580 29096.510123 1418
307 59162312 30398.873353 1418
308 60271608 30902.293148 1418
309 26320511 63323.160109 477
310 1727678 3133.427153 72
311 2928953 1623.767028 79
312 56752251 26863.436646 1340
313 58128641 35475.674360 1340
314 59937299 28380.991064 1376
315 16055203 15007.914978 310
316 53163781 25243.963321 939
317 11498850 14861.142032 235
318 11497513 8698.122508 235
319 23047547 19698.142843 511
320 276185 480.103714 9
321 298690 1176.649303 6
322 59307021 32124.952265 1448
323 61602279 173585.300219 1448
324 60165855 180811.866183 1448
325 36735567 46580.770697 656
326 47471491 56609.724357 830
327 825014 8299.776022 21
328 31346309 100817.799028 573
329 60309628 81987.144057 1448
330 62850309 95293.954026 1448
331 59228265 106143.945294 1448
332 59030809 69106.595570 1448
333 59704436 94521.049150 1448
334 57396926 57418.387995 1448
335 76665856 214154.811098 1380
336 76341851 119106.621665 1380
337 76648168 99239.349888 1380
338 76136549 90397.965349 1380
339 70648200 108834.303349 1380
340 2427501 15700.986579 44
341 20901012 40444.202092 418
342 1578313 14071.636584 36
343 47549273 80900.240045 831
344 84505609 108019.682908 1418
345 17620370 1474879.676745 267
346 3450724 17349.234704 59
347 5550753 20113.515328 106
348 1696798 13399.037626 31
349 6636853 21896.944048 133
350 63170390 120213.005401 1080
351 58035199 821777.734491 1340
352 57588642 3147921.435593 1340
353 59680525 246775.304505 1340
354 27178500 143962.747300 478
355 44997901 108413.893004 1217
356 61936521 281237.252319 1076
357 2612524 24969.828970 50
358 20353083 712553.433890 427
359 31046845 140367.394195 550
360 32153123 88422.446482 558
361 8694744 185003.101740 167
362 31143313 189548.605331 547
363 25864625 195529.744211 447
364 32591680 110114.477810 552
365 8951455 43294.609481 167
366 339293 8895.851117 6
367 61065118 683774.698904 1418
368 39543037 805122.801784 885
369 285867 6933.072238 9
370 71283877 1012643.363396 1380
371 22162286 39248.476381 420
372 1868686 19148.438710 36
373 10089117 280905.194994 189
374 1544217 15372.183242 26
375 11412559 77721.993105 234
376 58118738 911609.855842 1024
377 86070327 174731.608309 1460
378 86933944 271420.224843 1460
379 34093701 96769.218115 572
380 8881992 16525.103555 166
381 59382925 75876.202310 1448
382 59843921 61554.313660 1448
383 59659681 85543.574989 1448
384 71664747 246492.509840 1225
385 71656534 63072.696776 1225
386 2410521 13804.506982 61
387 1527835 12174.908326 45
388 8119997 20235.381616 169
389 40295056 47412.581783 938
390 12328970 46611.600515 300
391 1059205 11280.757389 24
392 62464906 72635.624805 1448
393 62656040 89014.881892 1448
394 60104945 79915.238830 1448
395 61918482 82251.175708 1448
396 60173162 81452.171114 1448
397 13838025 32143.530930 345
398 19082085 51728.832297 417
399 19317953 142119.213580 405
400 87762080 128717.190371 1460
401 14070618 27241.162553 253
402 11522219 93763.117725 190
403 27560902 45474.348927 480
404 26921825 47445.572196 471
405 41449716 72273.036287 1130
406 34631663 82158.927127 607
407 25434976 23761.170723 451
408 27224228 1728249.194999 489
409 60298428 604420.506861 1024
410 83790403 515966.950028 1460
411 51428769 419075.841564 865
412 49868054 25767.498654 831
413 47785757 31689.830792 799
414 731979 729.573019 18
415 59105665 30214.105604 1340
416 58412537 23825.404409 1340
417 20885628 13728.939307 443
418 40907785 17743.852858 753
419 59366781 49022.468124 1340
420 60399903 68425.515881 1340
421 57621168 28237.674028 1340
422 306257 589.639983 6
423 2441184 1299.997702 51
424 15675358 9756.159879 359
425 3249605 6895.964161 75
426 38484261 18446.652239 638
427 38482052 17282.317958 638
428 23954561 15896.068586 434
429 89429398 31835.885574 1460
430 53101895 28151.386210 874
431 3537068 1915.779026 139
432 12588382 4384.117393 251
433 1893086 1347.987870 37
434 12552711 16703.464251 248
435 6608779 7160.951551 133
436 55047503 30404.971071 1340
437 306525 823.398258 6
438 328705 522.078930 9
439 2797626 1001.450286 49
440 626431 3523.455602 14
441 11782696 6569.531112 234
442 11783095 10779.834430 234
443 49547733 16170.849296 833
444 19974652 11277.348796 425
445 26700299 11833.557977 487
446 53554016 67216.074958 941
447 88358732 40925.675220 1430
448 36665045 13120.500746 551
449 48277385 16411.141391 828
450 44471096 24000.820893 765
451 15329918 15525.090912 354
452 3554694 976.488601 139
453 14615786 8559.880823 341
454 15413528 23189.700515 354
455 15146972 18569.736434 357
456 15281876 8469.209874 362
457 32092181 19682.995553 565
458 14422519 9728.701000 338
459 550275 688.107276 11
460 80227952 38031.036704 1460
461 81343793 34817.373941 1460
462 82510283 71722.115773 1460
463 80130620 41246.288666 1460
464 81289113 59118.147992 1460
465 15531107 13144.580668 293
466 78300325 44249.680884 1460
467 82871127 33713.936468 1460
468 4300420 2516.985040 107
469 58055067 38103.643737 1024
470 84163377 92249.492839 1452
471 4615435 6663.799052 77
472 28841074 62545.870743 501
473 57998600 85281.182286 1340
474 6779730 8550.242274 162
475 19517770 12656.965937 354
476 15824889 9866.720812 295
477 55873026 74325.370329 1460
478 3301331 1410.529009 72
479 5108902 8462.954431 114
480 35837398 19464.445070 632
481 66928525 118414.828040 1448
482 65740534 26030.048917 1448
483 65637457 149514.341497 1448
484 64683654 162494.052594 1448
485 16385052 14104.366120 310
486 55956110 70860.793310 949
487 57787838 78468.573595 1340
488 56479338 92803.023710 1340
489 57281530 63829.957269 1340
490 6444759 18126.970345 180
491 45320905 94082.567014 785
492 74923089 90815.872556 1380
493 28749052 18076.601927 492
494 1650835 1291.483616 72
495 1575903 1118.726529 27
496 5332126 4219.455432 132
497 631344 707.081755 14
498 88090037 60243.735972 1460
499 5518696 5761.024248 96
500 15449819 8926.752769 357
501 14340445 65861.172396 328
502 81082033 41028.175089 1460
503 76734292 82065.001835 1460
504 73745219 197801.725982 1460
505 28580983 157565.947295 522
506 27653861 141795.887304 483
507 13238177 64516.530715 237
508 65406759 309565.298202 1460
509 14116174 59343.476912 333
510 81966502 214738.390463 1448
511 40957146 105540.286281 705
512 50128588 24098.269705 840
513 66717836 135073.601440 1120
514 45701751 61308.548098 755
515 26154163 29128.296807 583
516 47619278 18384.925081 832
517 6082069 7345.822465 125
518 81205723 25547.238043 1460
519 81421545 143407.615090 1460
520 81046963 197312.730782 1460
521 81271200 35862.813353 1460
522 81621454 64703.816688 1460
523 81852733 119890.917883 1460
524 82062766 33671.263686 1460
525 82060533 67436.657803 1460
526 82430855 163442.686590 1460
527 81443145 75708.583170 1460
528 66092321 106033.534111 1460
529 63888445 18359.097283 1460
530 66002603 107065.019765 1460
531 64076325 19618.069582 1448
532 61407579 157146.147726 1448
533 62995667 97186.711974 1448
534 7257667 6102.994376 130
535 27450948 56845.215752 490
536 6369443 3439.585150 113
537 21619285 9710.237304 432
538 63410218 143716.716042 1448
539 62537908 74232.853714 1448
540 61522480 99479.351694 1448
541 7513689 10796.555187 145
542 7514249 10187.851764 145
543 36912148 97703.139890 620
544 36994274 20058.968919 664
545 37013545 143660.349981 664
546 15554753 11759.868301 293
547 62523427 111559.664548 1460
548 62768181 110015.871571 1460
549 58733861 26938.959974 1460
550 611485 1368.049191 13
551 345532 530.312213 9
552 56524995 17476.100829 1024
553 81353554 71962.472107 1460
554 15387722 24064.774115 344
555 76491757 152305.539511 1460
556 13504428 15455.291319 266
557 13138729 149236.583869 310
558 73590605 67339.246865 1460
559 75333330 25810.281530 1460
560 24588464 111847.470175 426
561 231396 488.998053 5
562 82205703 178871.500785 1460
563 59412858 48278.589862 1340
564 56478304 249964.231748 1340
565 58729555 183532.949834 1340
566 34519499 167488.917826 598
567 1941483 2025.988269 34
568 1570470 4937.786545 26
569 83164377 43123.650063 1460
570 14069944 9656.806951 318
571 4065474 7561.254591 99
572 81458427 44196.009365 1460
573 4612993 6826.246245 109
574 60996090 35071.413688 1448
575 62311188 49152.423872 1448
576 61982428 30208.546351 1448
577 17183094 15147.294312 365
578 62789662 33151.130572 1448
579 61660294 29500.517484 1448
580 65560735 37220.196379 1448
581 20126063 63299.889383 381
582 32452868 23132.143055 610
583 84793061 38784.811961 1460
584 40140233 51361.497462 679
585 28434470 34275.626544 485
586 66903180 32349.557602 1448
587 63357960 28068.948073 1448
588 61321210 25703.244992 1448
589 2092614 1205.541985 47
590 66257414 38024.584046 1460
591 10774091 8586.980754 271
592 2098136 1055.875955 42
593 61809637 25290.122865 1448
594 31060818 20237.738174 544
595 259608 579.119282 4
596 62542695 68265.857806 1448
597 38461550 40992.360219 896
598 12661650 13230.214545 297
599 15914827 8613.192770 364
600 74294295 38145.157380 1309
601 14580318 5960.170901 332
602 15565502 12516.375635 352
603 50665726 28259.302689 1179
604 15322066 8114.789707 329
605 35566968 25791.863840 618
606 35565125 23935.461104 618
607 56687886 31136.912653 1430
608 12055151 12891.760123 295
609 62722348 47389.116420 1448
610 34528074 20540.893448 611
611 61991471 24876.133295 1448
612 63132213 69169.924093 1448
613 60966620 28153.157020 1448
614 61077046 39514.380170 1448
615 61987942 26232.336411 1448
616 47411287 20364.587486 831
617 84510588 58532.399740 1460
618 84502591 33491.110729 1460
619 86835826 31632.798530 1460
620 86835999 28015.448399 1460
621 44582725 19821.846437 1460
622 44008356 17931.705637 1460
623 8303766 10037.090068 198
624 64744582 31573.152960 1460
625 22149664 16679.637736 502
626 54847504 19891.650775 1460
627 62123212 25715.987317 1448
628 62400125 35603.311034 1448
629 62294678 35084.567946 1448
630 63605216 31607.470722 1448
631 49569970 21749.469361 1159
632 30649494 16178.242769 536
633 36481585 68093.433533 532
634 47725037 22699.993233 834
635 21193786 18860.381658 529
636 290081 470.849550 6
637 1825443 846.341455 37
638 54268873 37146.035073 1340
639 58207173 24962.212979 1340
640 58022806 21550.179803 1340
641 57117611 30198.390586 1340
642 59257300 24068.618504 1340
643 29549058 18728.303990 528
644 83131081 36321.203226 1460
645 82625154 33398.377497 1460
646 82224417 68102.187588 1460
647 82167937 32638.912840 1460
648 76788187 37101.047854 1460
649 78374620 62966.048029 1460
650 76669592 33762.235244 1460
651 77805483 37730.931481 1460
652 78844789 41016.453930 1460
653 77729871 41751.261301 1460
654 76570132 37810.845493 1460
655 77421391 54940.641428 1460
656 77618284 27296.655074 1460
657 78733497 31943.105920 1460
658 78362507 30465.132370 1460
659 78564113 37138.038306 1460
660 78639731 28109.069601 1460
661 78319345 81120.062797 1460
662 77474917 32085.447157 1460
663 77586810 33667.497947 1460
664 69243015 26952.242007 1123
665 27372292 16175.537061 485
666 62513701 23859.518450 1460
667 24054986 18872.945567 555
668 19935548 19641.390515 362
669 80373188 38515.012923 1460
670 79928895 27448.170446 1460
671 79759449 68100.095639 1460
672 67912720 27970.109902 1193
673 20531649 14484.564550 420
674 80173886 37360.708422 1460
675 80171585 34499.423713 1460
676 80450829 68364.367537 1460
677 80449624 43857.912594 1460
678 80028050 31106.614864 1460
679 80022290 53987.467033 1460
680 74564908 38121.222400 1396
